// comments denoted by '/'
// 
// file format as follows:
// 
// ID
// HINT_X
// HINT_Y
// NUM_CHILD_NODES
// [IDs]...
//
// where ID is mapped to a level file

// the first/top node MUST have id 0

0
0
0
3
100
200
300

100
1
2
3
10
20
30

10
2
4
1
11

11
3
4
1
12

20
2
3
1
21

21
3
3
1
25

25
4
3
1
26

30
2
2
1
31

31
3
2
1
25

200
1
0
2
201
220

201
2
1
1
202

202
3
1
1
203

220
2
0
1
221

221
3
0
1
222

222
4
0
1
223

300
1
-1
3
301
330
360

301
2
-1
1
302

302
3
-1
1
325

330
2
-2
1
331

331
3
-2
1
325

325
4
-1
2
326
327

326
5
-1
1
328

327
5
-2
1
328

360
2
-3
1
361

361
3
-3
1
362


12
4
4
0

26
5
3
0

203
4
1
0

223
5
0
0

328
6
-1
0

362
4
-3
0